cam0:
  T_cam_imu:
  - [-0.9995184472361309, 0.021876089843145007, -0.022007051775495362, 0.04246317973602691]
  - [0.025341655517008066, 0.9847584328334349, -0.1720715823693607, 0.0005184030993907625]
  - [0.017907376422356798, -0.17254641594832693, -0.984838596021224, -0.015973750407470507]
  - [0.0, 0.0, 0.0, 1.0]
  cam_overlaps: []
  camera_model: pinhole
  distortion_coeffs: [-0.027396339719770575, 0.09512490805715525, -0.11279506361711115,
    0.05123810380038282]
  distortion_model: equidistant
  intrinsics: [274.51623038381354, 275.33528152592356, 313.61364519480173, 251.55631360961928]
  resolution: [640, 480]
  rostopic: /cam0/image_raw
  timeshift_cam_imu: -0.005869528576852833
